{
	"asset": {
		"generator": "SOLIDWORKSGLTF",
		"version" : "2.0"
	},
"extensionsUsed": [ "KHR_lights_punctual", "Solidworks_custom_properties", "KHR_draco_mesh_compression"],
"extensionsRequired": [ "KHR_draco_mesh_compression" ],
	"scene" : 0,
	"scenes": [
		{
			"name": "default - Display State-1",
			"nodes": [
				0, 1]
		}
	],
	"nodes": [
		{
			"matrix": [
				0.996955,					-0.0470387,					0.0621907,					0,
				0.0551555,					0.989172,					-0.136005,					0,
				-0.0551198,					0.139021,					0.988754,					0,
				-0.739952,					1.70391,					13.1451,					1
			]
			,"camera": 0
			,"name": "current"		}
,
		{
			"children": [
				2, 3, 4, 5, 6, 7, 8, 9, 10, 11, 12, 13, 14, 15, 16, 17, 18, 19, 20, 21, 22, 23, 24, 25, 26, 27, 28, 29, 30, 31, 32, 33, 34, 35, 36, 37, 38, 39, 40, 41, 42, 43, 44, 45, 46, 47, 48, 49, 50, 51, 52, 53, 54, 55, 56, 57, 58, 59, 60, 61, 62, 63, 64, 65, 66, 67, 68, 69, 70, 71, 72, 73, 74, 75, 76, 77, 78, 79, 80, 81, 82, 83, 84, 85, 86, 87, 88, 89, 90, 91, 92, 93, 94, 95, 96, 97, 98, 99, 100, 101
			]
			,"name": "prana_v1"		}
,
		{
			"matrix": [
				-1,					-3.39908e-32,					2.44929e-16,					0,
				2.2637e-16,					-0.381849,					0.924225,					0,
				9.35261e-17,					0.924225,					0.381849,					0,
				0.2361,					1.65327e-17,					1.55957,					1
			]
			,"mesh": 0
			,"name": "B18.3.1M - 10 x 1.5 x 70 Hex SHCS -- 32NHX-1"		}
,
		{
			"matrix": [
				1.22465e-16,					0,					1,					0,
				0,					1,					0,					0,
				-1,					0,					1.22465e-16,					0,
				0,					0,					1.51457,					1
			]
			,"mesh": 1
			,"name": "chassis-1"		}
,
		{
			"matrix": [
				-1,					0,					1.22465e-16,					0,
				1.45783e-31,					1,					1.19041e-15,					0,
				-1.22465e-16,					1.19041e-15,					-1,					0,
				0.23,					0,					1.51457,					1
			]
			,"mesh": 2
			,"name": "UCFL 204 SKF-1"		}
,
		{
			"matrix": [
				-1.13124e-16,					-0.383049,					-0.923728,					0,
				-4.691e-17,					0.923728,					-0.383049,					0,
				1,					-1.27036e-33,					-1.22465e-16,					0,
				0.210301,					0.111696,					1.23346,					1
			]
			,"mesh": 3
			,"name": "E-Stop_Assembled-1"		}
,
		{
			"matrix": [
				1,					0,					0,					0,
				0,					1,					0,					0,
				0,					0,					1,					0,
				0.17,					0,					1.51457,					1
			]
			,"mesh": 4
			,"name": "UCFL 204 SKF-2"		}
,
		{
			"matrix": [
				1,					0,					0,					0,
				0,					1,					0,					0,
				0,					0,					1,					0,
				-0.2361,					6.93889e-17,					1.46972,					1
			]
			,"mesh": 5
			,"name": "B18.3.1M - 10 x 1.5 x 70 Hex SHCS -- 32NHX-4"		}
,
		{
			"matrix": [
				0,					0,					1,					0,
				0,					1,					0,					0,
				-1,					0,					0,					0,
				0.1639,					1.65327e-17,					1.46957,					1
			]
			,"mesh": 6
			,"name": "B18.2.2.4M - Hex flange nut, M10 x 1.5, with 15 WAF --N-1"		}
,
		{
			"matrix": [
				0,					0,					1,					0,
				0,					1,					0,					0,
				-1,					0,					0,					0,
				0.1639,					1.38778e-17,					1.55957,					1
			]
			,"mesh": 7
			,"name": "B18.2.2.4M - Hex flange nut, M10 x 1.5, with 15 WAF --N-2"		}
,
		{
			"matrix": [
				0,					0,					-1,					0,
				0,					1,					0,					0,
				1,					0,					0,					0,
				-0.1639,					2.77556e-17,					1.55957,					1
			]
			,"mesh": 8
			,"name": "B18.2.2.4M - Hex flange nut, M10 x 1.5, with 15 WAF --N-3"		}
,
		{
			"matrix": [
				0,					0,					-1,					0,
				0,					1,					0,					0,
				1,					0,					0,					0,
				-0.1639,					2.77556e-17,					1.46972,					1
			]
			,"mesh": 9
			,"name": "B18.2.2.4M - Hex flange nut, M10 x 1.5, with 15 WAF --N-4"		}
,
		{
			"matrix": [
				3.8431e-16,					2.54172e-18,					1,					0,
				-2.54172e-18,					1,					-2.54172e-18,					0,
				-1,					-2.54172e-18,					3.8431e-16,					0,
				-9.02056e-17,					0.245,					1.16957,					1
			]
			,"mesh": 10
			,"name": "UCFL 204 SKF-5"		}
,
		{
			"matrix": [
				1,					0,					0,					0,
				0,					1,					0,					0,
				0,					0,					1,					0,
				-0.2361,					6.93889e-17,					1.55957,					1
			]
			,"mesh": 11
			,"name": "B18.3.1M - 10 x 1.5 x 70 Hex SHCS -- 32NHX-3"		}
,
		{
			"matrix": [
				-1,					-3.39908e-32,					2.44929e-16,					0,
				2.2637e-16,					-0.381849,					0.924225,					0,
				9.35261e-17,					0.924225,					0.381849,					0,
				0.2361,					6.66134e-16,					1.46957,					1
			]
			,"mesh": 12
			,"name": "B18.3.1M - 10 x 1.5 x 70 Hex SHCS -- 32NHX-2"		}
,
		{
			"matrix": [
				-1,					0,					0,					0,
				0,					1,					0,					0,
				0,					0,					-1,					0,
				-0.17,					0,					1.51457,					1
			]
			,"mesh": 13
			,"name": "UCFL 204 SKF-4"		}
,
		{
			"matrix": [
				1,					0,					0,					0,
				0,					1,					0,					0,
				0,					0,					1,					0,
				-0.23,					0,					1.51457,					1
			]
			,"mesh": 14
			,"name": "UCFL 204 SKF-3"		}
,
		{
			"matrix": [
				1,					0,					0,					0,
				0,					1,					0,					0,
				0,					0,					1,					0,
				0.2652,					0.00132269,					1.46959,					1
			]
			,"mesh": 15
			,"name": "B18.3.1M - 10 x 1.5 x 60 Hex SHCS -- 32NHX-3"		}
,
		{
			"matrix": [
				3.67394e-16,					0,					-1,					0,
				0,					1,					0,					0,
				1,					0,					3.67394e-16,					0,
				0.3328,					-0.00132269,					1.55955,					1
			]
			,"mesh": 16
			,"name": "B18.2.2.4M - Hex flange nut, M10 x 1.5, with 15 WAF --N-8"		}
,
		{
			"matrix": [
				3.8431e-16,					2.54172e-18,					1,					0,
				-2.54172e-18,					1,					-2.54172e-18,					0,
				-1,					-2.54172e-18,					3.8431e-16,					0,
				0.045,					0.245,					1.16347,					1
			]
			,"mesh": 17
			,"name": "B18.3.1M - 10 x 1.5 x 70 Hex SHCS -- 32NHX-5"		}
,
		{
			"matrix": [
				-3.8431e-16,					-2.54172e-18,					-1,					0,
				2.22045e-16,					-1,					2.54172e-18,					0,
				-1,					-2.22045e-16,					3.8431e-16,					0,
				-5.55112e-17,					0.245,					1.22957,					1
			]
			,"mesh": 18
			,"name": "UCFL 204 SKF-6"		}
,
		{
			"matrix": [
				1,					0,					0,					0,
				0,					1,					0,					0,
				0,					0,					1,					0,
				0,					0,					1.51457,					1
			]
			,"mesh": 19
			,"name": "ROD 20Dia-1"		}
,
		{
			"matrix": [
				1,					0,					0,					0,
				0,					1,					0,					0,
				0,					0,					1,					0,
				-0.045,					0.245,					1.23567,					1
			]
			,"mesh": 20
			,"name": "B18.2.2.4M - Hex flange nut, M10 x 1.5, with 15 WAF --N-7"		}
,
		{
			"matrix": [
				-1.86078e-17,					-0.0293931,					0.999568,					0,
				6.44197e-17,					0.999568,					0.0293931,					0,
				-1,					6.49388e-17,					-1.67063e-17,					0,
				0.299,					2.69536e-14,					1.51457,					1
			]
			,"mesh": 21
			,"name": "REC Pipe-1"		}
,
		{
			"matrix": [
				1,					7.09632e-22,					1.22457e-21,					0,
				-7.4532e-22,					0.999568,					0.0293931,					0,
				-1.20318e-21,					-0.0293931,					0.999568,					0,
				0.2713,					8.35756e-15,					1.51457,					1
			]
			,"mesh": 22
			,"name": "UCFL 204 SKF-8"		}
,
		{
			"matrix": [
				1,					0,					0,					0,
				0,					1,					0,					0,
				0,					0,					1,					0,
				0.045,					0.245,					1.23567,					1
			]
			,"mesh": 23
			,"name": "B18.2.2.4M - Hex flange nut, M10 x 1.5, with 15 WAF --N-5"		}
,
		{
			"matrix": [
				-1,					6.94161e-17,					-1.3953e-16,					0,
				6.52849e-17,					0.999568,					0.0293931,					0,
				1.41511e-16,					0.0293931,					-0.999568,					0,
				0.3267,					2.06381e-14,					1.51457,					1
			]
			,"mesh": 24
			,"name": "UCFL 204 SKF-7"		}
,
		{
			"matrix": [
				3.8431e-16,					2.54172e-18,					1,					0,
				-2.54172e-18,					1,					-2.54172e-18,					0,
				-1,					-2.54172e-18,					3.8431e-16,					0,
				-0.045,					0.245,					1.16347,					1
			]
			,"mesh": 25
			,"name": "B18.3.1M - 10 x 1.5 x 70 Hex SHCS -- 32NHX-6"		}
,
		{
			"matrix": [
				1,					0,					0,					0,
				0,					1,					0,					0,
				0,					0,					1,					0,
				0.2652,					-0.00131828,					1.5594,					1
			]
			,"mesh": 26
			,"name": "B18.3.1M - 10 x 1.5 x 60 Hex SHCS -- 32NHX-4"		}
,
		{
			"matrix": [
				1,					0,					3.67394e-16,					0,
				-3.39555e-16,					-0.381849,					0.924225,					0,
				1.40289e-16,					-0.924225,					-0.381849,					0,
				-0.3348,					-0.00129329,					1.46959,					1
			]
			,"mesh": 27
			,"name": "B18.3.1M - 12 x 1.75 x 65 Hex SHCS -- 36NHX-6"		}
,
		{
			"matrix": [
				-3.18016e-19,					-0.999999,					0.0012984,					0,
				2.44929e-16,					-0.0012984,					-0.999999,					0,
				1,					9.86076e-32,					2.44929e-16,					0,
				-0.2632,					-0.00129329,					1.46959,					1
			]
			,"mesh": 28
			,"name": "B18.2.2.4M - Hex flange nut, M12 x 1.75 --N-6"		}
,
		{
			"matrix": [
				1,					4.53712e-17,					-1.58305e-16,					0,
				-4.99022e-17,					0.999587,					-0.0287399,					0,
				1.56935e-16,					0.0287399,					0.999587,					0,
				-0.3267,					1.09264e-14,					1.51457,					1
			]
			,"mesh": 29
			,"name": "UCFL 204 SKF-10"		}
,
		{
			"matrix": [
				-1.8446e-17,					-0.0293931,					0.999568,					0,
				6.44672e-17,					0.999568,					0.0293931,					0,
				-1,					6.49815e-17,					-1.65431e-17,					0,
				0.2573,					-0.0454367,					1.92341,					1
			]
			,"mesh": 30
			,"name": "swing_mount1_rht-1"		}
,
		{
			"matrix": [
				-1.8446e-17,					-0.0293931,					0.999568,					0,
				6.44672e-17,					0.999568,					0.0293931,					0,
				-1,					6.49815e-17,					-1.65431e-17,					0,
				0.2573,					-0.0213344,					1.10377,					1
			]
			,"mesh": 31
			,"name": "swing_mount_back_rgt-1"		}
,
		{
			"matrix": [
				1,					-2.94988e-15,					-2.85219e-16,					0,
				3.6988e-16,					0.0287399,					0.999587,					0,
				-2.94046e-15,					-0.999587,					0.0287399,					0,
				-1.04015,					1.3198,					0.191587,					1
			]
			,"mesh": 32
			,"name": "Back_motorassembly-2"		}
,
		{
			"matrix": [
				-1.24035e-15,					0.0293931,					-0.999568,					0,
				1.32304e-16,					0.999568,					0.0293931,					0,
				1,					-9.57896e-17,					-1.2437e-15,					0,
				0.379088,					-0.0768853,					1.93821,					1
			]
			,"mesh": 33
			,"name": "hyb-1"		}
,
		{
			"matrix": [
				1,					0,					3.67394e-16,					0,
				-3.39555e-16,					-0.381849,					0.924225,					0,
				1.40289e-16,					-0.924225,					-0.381849,					0,
				-0.3348,					0.00129329,					1.55955,					1
			]
			,"mesh": 34
			,"name": "B18.3.1M - 12 x 1.75 x 65 Hex SHCS -- 36NHX-5"		}
,
		{
			"matrix": [
				2.44929e-16,					0,					-1,					0,
				0,					1,					0,					0,
				1,					0,					2.44929e-16,					0,
				0.3328,					0.00132269,					1.46959,					1
			]
			,"mesh": 35
			,"name": "B18.2.2.4M - Hex flange nut, M10 x 1.5, with 15 WAF --N-9"		}
,
		{
			"matrix": [
				-1.56546e-16,					-0.0287399,					-0.999587,					0,
				-5.96546e-17,					0.999587,					-0.0287399,					0,
				1,					5.51308e-17,					-1.58196e-16,					0,
				-0.299,					1.09149e-14,					1.51457,					1
			]
			,"mesh": 36
			,"name": "REC Pipe-2"		}
,
		{
			"matrix": [
				-1,					-4.88909e-17,					3.58905e-17,					0,
				4.99021e-17,					-0.999587,					0.0287399,					0,
				3.44706e-17,					0.0287399,					0.999587,					0,
				-0.2713,					4.8865e-15,					1.51457,					1
			]
			,"mesh": 37
			,"name": "UCFL 204 SKF-9"		}
,
		{
			"matrix": [
				-3.18016e-19,					-0.999999,					0.0012984,					0,
				2.44929e-16,					-0.0012984,					-0.999999,					0,
				1,					9.86076e-32,					2.44929e-16,					0,
				-0.2632,					0.00129329,					1.55955,					1
			]
			,"mesh": 38
			,"name": "B18.2.2.4M - Hex flange nut, M12 x 1.75 --N-4"		}
,
		{
			"matrix": [
				2.12443e-16,					0.0287399,					0.999587,					0,
				-5.94492e-17,					0.999587,					-0.0287399,					0,
				-1,					-5.33191e-17,					2.14064e-16,					0,
				-0.2993,					-0.0216029,					1.92536,					1
			]
			,"mesh": 39
			,"name": "swing_mount1-1"		}
,
		{
			"matrix": [
				1.56426e-16,					0.0287399,					0.999587,					0,
				-6.06202e-17,					0.999587,					-0.0287399,					0,
				-1,					-5.60995e-17,					1.58104e-16,					0,
				-0.2993,					-0.0451695,					1.1057,					1
			]
			,"mesh": 40
			,"name": "swing_mount_back-1"		}
,
		{
			"matrix": [
				-3.15002e-16,					0.0293931,					-0.999568,					0,
				1,					-5.49025e-17,					-3.16753e-16,					0,
				-6.41891e-17,					-0.999568,					-0.0293931,					0,
				-0.511134,					1.34885,					1.82113,					1
			]
			,"mesh": 41
			,"name": "Back_motorassembly-1"		}
,
		{
			"matrix": [
				1,					4.53712e-17,					-1.58305e-16,					0,
				-4.99022e-17,					0.999587,					-0.0287399,					0,
				1.56935e-16,					0.0287399,					0.999587,					0,
				-1.10553,					0.0325374,					0.617695,					1
			]
			,"mesh": 42
			,"name": "gear_boxassembly-1"		}
,
		{
			"matrix": [
				1,					-7.06838e-17,					9.27229e-17,					0,
				6.79278e-17,					0.999568,					0.0293931,					0,
				-9.47605e-17,					-0.0293931,					0.999568,					0,
				-0.347353,					0.0845984,					0.621101,					1
			]
			,"mesh": 43
			,"name": "gear_boxassembly-2"		}
,
		{
			"matrix": [
				1,					0,					0,					0,
				0,					1,					0,					0,
				0,					0,					1,					0,
				-0.3277,					0.00888454,					1.92448,					1
			]
			,"mesh": 44
			,"name": "B18.3.1M - 8 x 1.25 x 50 Hex SHCS -- 28NHX-10"		}
,
		{
			"matrix": [
				-1,					0,					0,					0,
				0,					-0.381849,					0.924225,					0,
				0,					0.924225,					0.381849,					0,
				0.3277,					0.00782973,					1.14964,					1
			]
			,"mesh": 45
			,"name": "B18.3.1M - 8 x 1.25 x 50 Hex SHCS -- 28NHX-19"		}
,
		{
			"matrix": [
				-1,					0,					0,					0,
				0,					-0.381849,					0.924225,					0,
				0,					0.924225,					0.381849,					0,
				0.3277,					0.0104751,					1.05968,					1
			]
			,"mesh": 46
			,"name": "B18.3.1M - 8 x 1.25 x 50 Hex SHCS -- 28NHX-21"		}
,
		{
			"matrix": [
				-1.64348e-15,					-0.0287399,					-0.999587,					0,
				-6.75492e-17,					0.999587,					-0.0287399,					0,
				1,					2.02878e-17,					-1.64475e-15,					0,
				-0.379088,					-0.0521384,					1.94196,					1
			]
			,"mesh": 47
			,"name": "hyb-2"		}
,
		{
			"matrix": [
				1,					0,					0,					0,
				0,					1,					0,					0,
				0,					0,					1,					0,
				-0.3277,					0.00759124,					1.8795,					1
			]
			,"mesh": 48
			,"name": "B18.3.1M - 8 x 1.25 x 50 Hex SHCS -- 28NHX-11"		}
,
		{
			"matrix": [
				-1,					0,					0,					0,
				0,					-0.381849,					0.924225,					0,
				0,					0.924225,					0.381849,					0,
				0.3277,					-0.0162726,					1.96929,					1
			]
			,"mesh": 49
			,"name": "B18.3.1M - 8 x 1.25 x 50 Hex SHCS -- 28NHX-18"		}
,
		{
			"matrix": [
				1,					0,					0,					0,
				0,					1,					0,					0,
				0,					0,					1,					0,
				-0.3277,					-0.0146821,					1.10482,					1
			]
			,"mesh": 50
			,"name": "B18.3.1M - 8 x 1.25 x 50 Hex SHCS -- 28NHX-13"		}
,
		{
			"matrix": [
				1,					0,					0,					0,
				0,					1,					0,					0,
				0,					0,					1,					0,
				-0.3277,					0.0101778,					1.96947,					1
			]
			,"mesh": 51
			,"name": "B18.3.1M - 8 x 1.25 x 50 Hex SHCS -- 28NHX-15"		}
,
		{
			"matrix": [
				1,					0,					0,					0,
				0,					1,					0,					0,
				0,					0,					1,					0,
				-0.3277,					-0.0159754,					1.05984,					1
			]
			,"mesh": 52
			,"name": "B18.3.1M - 8 x 1.25 x 50 Hex SHCS -- 28NHX-12"		}
,
		{
			"matrix": [
				1,					0,					0,					0,
				0,					1,					0,					0,
				0,					0,					1,					0,
				-0.3277,					-0.0133888,					1.1498,					1
			]
			,"mesh": 53
			,"name": "B18.3.1M - 8 x 1.25 x 50 Hex SHCS -- 28NHX-14"		}
,
		{
			"matrix": [
				-1,					0,					0,					0,
				0,					-0.381849,					0.924225,					0,
				0,					0.924225,					0.381849,					0,
				0.3277,					-0.0136272,					1.87933,					1
			]
			,"mesh": 54
			,"name": "B18.3.1M - 8 x 1.25 x 50 Hex SHCS -- 28NHX-16"		}
,
		{
			"matrix": [
				-1,					0,					0,					0,
				0,					-0.381849,					0.924225,					0,
				0,					0.924225,					0.381849,					0,
				0.3277,					-0.0149499,					1.92431,					1
			]
			,"mesh": 55
			,"name": "B18.3.1M - 8 x 1.25 x 50 Hex SHCS -- 28NHX-17"		}
,
		{
			"matrix": [
				-1,					0,					0,					0,
				0,					-0.381849,					0.924225,					0,
				0,					0.924225,					0.381849,					0,
				0.3277,					0.00915242,					1.10466,					1
			]
			,"mesh": 56
			,"name": "B18.3.1M - 8 x 1.25 x 50 Hex SHCS -- 28NHX-20"		}
,
		{
			"matrix": [
				-5.57176e-17,					-4.06487e-18,					-1,					0,
				-4.06487e-18,					1,					-4.06487e-18,					0,
				1,					4.06487e-18,					-5.57176e-17,					0,
				-0.2703,					0.0101778,					1.96947,					1
			]
			,"mesh": 57
			,"name": "B18.2.2.4M - Hex flange nut, M8 x 1.25 --N-5"		}
,
		{
			"matrix": [
				1.89212e-16,					-4.06487e-18,					-1,					0,
				-4.06487e-18,					1,					-4.06487e-18,					0,
				1,					4.06487e-18,					1.89212e-16,					0,
				-0.2703,					0.00888454,					1.92448,					1
			]
			,"mesh": 58
			,"name": "B18.2.2.4M - Hex flange nut, M8 x 1.25 --N-6"		}
,
		{
			"matrix": [
				1.89212e-16,					-4.06487e-18,					-1,					0,
				-4.06487e-18,					1,					-4.06487e-18,					0,
				1,					4.06487e-18,					1.89212e-16,					0,
				-0.2703,					0.00759124,					1.8795,					1
			]
			,"mesh": 59
			,"name": "B18.2.2.4M - Hex flange nut, M8 x 1.25 --N-7"		}
,
		{
			"matrix": [
				1.03582e-16,					6.53331e-17,					1,					0,
				6.53331e-17,					1,					-6.53331e-17,					0,
				-1,					6.53331e-17,					1.03582e-16,					0,
				0.2703,					0.0104751,					1.05968,					1
			]
			,"mesh": 60
			,"name": "B18.2.2.4M - Hex flange nut, M8 x 1.25 --N-11"		}
,
		{
			"matrix": [
				1.03582e-16,					6.53331e-17,					1,					0,
				6.53331e-17,					1,					-6.53331e-17,					0,
				-1,					6.53331e-17,					1.03582e-16,					0,
				0.2703,					-0.0136272,					1.87933,					1
			]
			,"mesh": 61
			,"name": "B18.2.2.4M - Hex flange nut, M8 x 1.25 --N-14"		}
,
		{
			"matrix": [
				5.71316e-17,					-1,					-1.88828e-17,					0,
				1,					5.71316e-17,					1.88828e-17,					0,
				-1.88828e-17,					-1.88828e-17,					1,					0,
				-0.269676,					0.0632375,					1.11831,					1
			]
			,"mesh": 62
			,"name": "Steering Ball-1"		}
,
		{
			"matrix": [
				5.71316e-17,					-1,					-1.88828e-17,					0,
				1,					5.71316e-17,					1.88828e-17,					0,
				-1.88828e-17,					-1.88828e-17,					1,					0,
				0.269676,					0.086157,					1.12265,					1
			]
			,"mesh": 63
			,"name": "Steering Ball-2"		}
,
		{
			"matrix": [
				-1,					1.30666e-16,					-3.77655e-17,					0,
				-1.16018e-16,					-0.674529,					0.738248,					0,
				7.09901e-17,					0.738248,					0.674529,					0,
				0.2933,					0.086157,					1.12265,					1
			]
			,"mesh": 64
			,"name": "B18.3.1M - 10 x 1.5 x 35 Hex SHCS -- 35NHX-8"		}
,
		{
			"matrix": [
				1.88828e-17,					-5.71316e-17,					-1,					0,
				-5.71316e-17,					1,					-5.71316e-17,					0,
				1,					5.71316e-17,					1.88828e-17,					0,
				-0.251052,					0.0632375,					1.11831,					1
			]
			,"mesh": 65
			,"name": "B18.2.2.4M - Hex flange nut, M10 x 1.5, with 15 WAF --N-10"		}
,
		{
			"matrix": [
				1.03582e-16,					6.53331e-17,					1,					0,
				6.53331e-17,					1,					-6.53331e-17,					0,
				-1,					6.53331e-17,					1.03582e-16,					0,
				0.2703,					0.00915242,					1.10466,					1
			]
			,"mesh": 66
			,"name": "B18.2.2.4M - Hex flange nut, M8 x 1.25 --N-12"		}
,
		{
			"matrix": [
				1.03582e-16,					6.53331e-17,					1,					0,
				6.53331e-17,					1,					-6.53331e-17,					0,
				-1,					6.53331e-17,					1.03582e-16,					0,
				0.2703,					-0.0162726,					1.96929,					1
			]
			,"mesh": 67
			,"name": "B18.2.2.4M - Hex flange nut, M8 x 1.25 --N-16"		}
,
		{
			"matrix": [
				1.22682e-16,					-6.93889e-18,					-1,					0,
				-6.93889e-18,					1,					-6.93889e-18,					0,
				1,					6.93889e-18,					1.22682e-16,					0,
				-0.2703,					-0.0146821,					1.10482,					1
			]
			,"mesh": 68
			,"name": "B18.2.2.4M - Hex flange nut, M8 x 1.25 --N-9"		}
,
		{
			"matrix": [
				1.22682e-16,					-6.93889e-18,					-1,					0,
				-6.93889e-18,					1,					-6.93889e-18,					0,
				1,					6.93889e-18,					1.22682e-16,					0,
				-0.2703,					-0.0133888,					1.1498,					1
			]
			,"mesh": 69
			,"name": "B18.2.2.4M - Hex flange nut, M8 x 1.25 --N-8"		}
,
		{
			"matrix": [
				1.22682e-16,					-6.93889e-18,					-1,					0,
				-6.93889e-18,					1,					-6.93889e-18,					0,
				1,					6.93889e-18,					1.22682e-16,					0,
				-0.2703,					-0.0159754,					1.05984,					1
			]
			,"mesh": 70
			,"name": "B18.2.2.4M - Hex flange nut, M8 x 1.25 --N-10"		}
,
		{
			"matrix": [
				2.26047e-16,					6.53331e-17,					1,					0,
				6.53331e-17,					1,					-6.53331e-17,					0,
				-1,					6.53331e-17,					2.26047e-16,					0,
				0.2703,					0.00782973,					1.14964,					1
			]
			,"mesh": 71
			,"name": "B18.2.2.4M - Hex flange nut, M8 x 1.25 --N-13"		}
,
		{
			"matrix": [
				1.03582e-16,					6.53331e-17,					1,					0,
				6.53331e-17,					1,					-6.53331e-17,					0,
				-1,					6.53331e-17,					1.03582e-16,					0,
				0.2703,					-0.0149499,					1.92431,					1
			]
			,"mesh": 72
			,"name": "B18.2.2.4M - Hex flange nut, M8 x 1.25 --N-15"		}
,
		{
			"matrix": [
				1,					-1.41142e-18,					-1.41142e-18,					0,
				1.41142e-18,					1.03925e-16,					1,					0,
				-1.41142e-18,					-1,					1.03925e-16,					0,
				-0.248697,					0.212597,					1.10979,					1
			]
			,"mesh": 73
			,"name": "Steering Ball-3"		}
,
		{
			"matrix": [
				1,					-1.41142e-18,					-1.41142e-18,					0,
				1.41142e-18,					1.03925e-16,					1,					0,
				-1.41142e-18,					-1,					1.03925e-16,					0,
				0.250685,					0.237452,					1.10979,					1
			]
			,"mesh": 74
			,"name": "Steering Ball-4"		}
,
		{
			"matrix": [
				1,					0,					0,					0,
				0,					1,					0,					0,
				0,					0,					1,					0,
				-0.2933,					0.0632375,					1.11831,					1
			]
			,"mesh": 75
			,"name": "B18.3.1M - 10 x 1.5 x 35 Hex SHCS -- 35NHX-9"		}
,
		{
			"matrix": [
				-0.124104,					0.988706,					-0.0840119,					0,
				0.989331,					0.129803,					0.0661447,					0,
				0.0763027,					-0.0749068,					-0.994267,					0,
				0.26738,					0.104448,					1.1211,					1
			]
			,"mesh": 76
			,"name": "Steering Eye-1"		}
,
		{
			"matrix": [
				1,					0,					0,					0,
				0,					1,					0,					0,
				0,					0,					1,					0,
				-0.248697,					0.212597,					1.12642,					1
			]
			,"mesh": 77
			,"name": "B18.2.2.4M - Hex flange nut, M8 x 1.25 --N-19"		}
,
		{
			"matrix": [
				-0.138874,					-0.988706,					0.0563434,					0,
				-0.00269267,					0.0572715,					0.998355,					0,
				-0.990306,					0.138494,					-0.0106158,					0,
				-0.251266,					0.194306,					1.11084,					1
			]
			,"mesh": 78
			,"name": "Steering Eye-4"		}
,
		{
			"matrix": [
				0.998764,					0.0497095,					-2.61496e-16,					0,
				-0.0497095,					0.998764,					1.65653e-17,					0,
				2.61997e-16,					-3.54596e-18,					1,					0,
				0.000994189,					0.225025,					1.09617,					1
			]
			,"mesh": 79
			,"name": "sus-1"		}
,
		{
			"matrix": [
				3.8431e-16,					2.54172e-18,					1,					0,
				-0.0497095,					0.998764,					1.65653e-17,					0,
				-0.998764,					-0.0497095,					3.83961e-16,					0,
				-2.37235e-15,					0.245,					1.07617,					1
			]
			,"mesh": 80
			,"name": "UCFL 204 SKF-11"		}
,
		{
			"matrix": [
				1.41142e-18,					-1.85393e-17,					1,					0,
				1.85393e-17,					1,					1.85393e-17,					0,
				-1,					1.85393e-17,					1.41142e-18,					0,
				-0.248697,					0.212597,					1.08317,					1
			]
			,"mesh": 81
			,"name": "B18.3.1M - 8 x 1.25 x 35 Hex SHCS -- 35NHX-10"		}
,
		{
			"matrix": [
				1.41142e-18,					-1.85393e-17,					1,					0,
				1.85393e-17,					1,					1.85393e-17,					0,
				-1,					1.85393e-17,					1.41142e-18,					0,
				0.250685,					0.237452,					1.08317,					1
			]
			,"mesh": 82
			,"name": "B18.3.1M - 8 x 1.25 x 35 Hex SHCS -- 35NHX-11"		}
,
		{
			"matrix": [
				1,					0,					0,					0,
				0,					1,					0,					0,
				0,					0,					1,					0,
				0.250685,					0.237452,					1.12642,					1
			]
			,"mesh": 83
			,"name": "B18.2.2.4M - Hex flange nut, M8 x 1.25 --N-17"		}
,
		{
			"matrix": [
				3.8431e-16,					2.54172e-18,					1,					0,
				-0.479876,					0.877336,					1.82191e-16,					0,
				-0.877336,					-0.479876,					3.38389e-16,					0,
				1.85962e-15,					0.245,					1.14787,					1
			]
			,"mesh": 84
			,"name": "ROD sus-1"		}
,
		{
			"matrix": [
				1.03582e-16,					-5.71316e-17,					1,					0,
				-5.71316e-17,					1,					5.71316e-17,					0,
				-1,					-5.71316e-17,					1.03582e-16,					0,
				0.251052,					0.086157,					1.12265,					1
			]
			,"mesh": 85
			,"name": "B18.2.2.4M - Hex flange nut, M10 x 1.5, with 15 WAF --N-11"		}
,
		{
			"matrix": [
				-1.39683e-16,					9.63359e-18,					-1,					0,
				-0.0497095,					0.998764,					1.65653e-17,					0,
				0.998764,					0.0497095,					-1.39032e-16,					0,
				-2.38103e-15,					0.245,					1.11617,					1
			]
			,"mesh": 86
			,"name": "UCFL 204 SKF-12"		}
,
		{
			"matrix": [
				0.124104,					-0.988706,					0.0840119,					0,
				-0.153628,					0.0645002,					0.986021,					0,
				-0.980304,					-0.135275,					-0.143888,					0,
				0.252981,					0.219161,					1.11135,					1
			]
			,"mesh": 87
			,"name": "Steering Eye-2"		}
,
		{
			"matrix": [
				0.138874,					0.988706,					-0.0563434,					0,
				0.98747,					-0.142558,					-0.0676843,					0,
				-0.0749521,					-0.0462378,					-0.996115,					0,
				-0.267107,					0.0815286,					1.11726,					1
			]
			,"mesh": 88
			,"name": "Steering Eye-3"		}
,
		{
			"matrix": [
				0.997144,					-0.00221991,					0.0754923,					0,
				-0.033381,					0.88368,					0.4669,					0,
				-0.0677475,					-0.468087,					0.881082,					0,
				0.379088,					-0.261805,					1.93277,					1
			]
			,"mesh": 89
			,"name": "tyre-1"		}
,
		{
			"matrix": [
				-0.998829,					0.00139021,					0.0483523,					0,
				-0.0454628,					0.314458,					-0.948182,					0,
				-0.0165229,					-0.94927,					-0.314026,					0,
				-0.379088,					-0.260629,					1.12762,					1
			]
			,"mesh": 90
			,"name": "tyre-3"		}
,
		{
			"matrix": [
				-1,					3.9968e-15,					4.04863e-16,					0,
				3.83027e-15,					1,					-3.67088e-15,					0,
				-4.04863e-16,					-3.67088e-15,					-1,					0,
				0.101112,					0.499519,					1.14885,					1
			]
			,"mesh": 91
			,"name": "rocket ac-1"		}
,
		{
			"matrix": [
				-0.997144,					0.00221991,					-0.0754923,					0,
				0.0755249,					0.0293091,					-0.996713,					0,
				-1.37911e-16,					-0.999568,					-0.0293931,					0,
				0.981695,					1.14656,					2.96737,					1
			]
			,"mesh": 92
			,"name": "steering_assembly-1"		}
,
		{
			"matrix": [
				-0.999581,					0.000850784,					-0.0289325,					0,
				0.028945,					0.0293808,					-0.999149,					0,
				-6.48353e-17,					-0.999568,					-0.0293931,					0,
				1.02733,					1.17152,					2.11855,					1
			]
			,"mesh": 93
			,"name": "steering_assembly-3"		}
,
		{
			"matrix": [
				0.927429,					-0.149796,					-0.342691,					0,
				0.138874,					0.988706,					-0.0563434,					0,
				0.347261,					0.00466363,					0.937757,					0,
				-0.259182,					0.13795,					1.11405,					1
			]
			,"mesh": 94
			,"name": "sus_rod100-2"		}
,
		{
			"matrix": [
				0.992353,					0.00354743,					0.123382,					0,
				-0.123432,					0.0285201,					0.991943,					0,
				6.21667e-17,					-0.999587,					0.0287399,					0,
				-0.933213,					1.17118,					0.885763,					1
			]
			,"mesh": 95
			,"name": "steering_assembly-2"		}
,
		{
			"matrix": [
				0.998829,					-0.00139021,					-0.0483523,					0,
				0.0483723,					0.0287062,					0.998417,					0,
				6.34678e-17,					-0.999587,					0.0287399,					0,
				-1.09984,					1.15077,					0.176057,					1
			]
			,"mesh": 96
			,"name": "steering_assembly-4"		}
,
		{
			"matrix": [
				0.758116,					0.0398516,					-0.650901,					0,
				-0.124104,					0.988706,					-0.0840119,					0,
				0.640202,					0.14447,					0.7545,					0,
				0.260055,					0.162805,					1.11614,					1
			]
			,"mesh": 97
			,"name": "sus_rod100-1"		}
,
		{
			"matrix": [
				0.999581,					-0.000850784,					0.0289325,					0,
				-0.0127913,					0.883685,					0.467908,					0,
				-0.0259653,					-0.468082,					0.883304,					0,
				0.379088,					-0.237703,					1.11313,					1
			]
			,"mesh": 98
			,"name": "tyre-2"		}
,
		{
			"matrix": [
				-0.992353,					-0.00354743,					-0.123382,					0,
				0.0999884,					-0.609201,					-0.786687,					0,
				-0.0723734,					-0.793008,					0.604897,					0,
				-0.379088,					-0.237062,					1.94728,					1
			]
			,"mesh": 99
			,"name": "tyre-4"		}
	],
	"cameras": [
		{
			"type": "orthographic",
			"orthographic" : {
				"xmag": 1,
				"ymag" : 1,
				"zfar" : 100,
				"znear" : 0.01
			}
		}
	],
	"meshes" : [
		{
			"primitives" : [
				{
					"attributes" : {
					"POSITION" : 1,
					"NORMAL" : 2,
					"TEXCOORD_0" : 3
					},
					"indices" : 0,
					"mode": 4,
					"material" : 1
					,"extensions": {
					"KHR_draco_mesh_compression": {
					"bufferView": 0,
					"attributes" : {
					"POSITION": 0,
					"NORMAL" : 1,
					"TEXCOORD_0" : 2
					}
					}
					}
				}
			]
		},
		{
			"primitives" : [
				{
					"attributes" : {
					"POSITION" : 5,
					"NORMAL" : 6,
					"TEXCOORD_0" : 7
					},
					"indices" : 4,
					"mode": 4,
					"material" : 2
					,"extensions": {
					"KHR_draco_mesh_compression": {
					"bufferView": 1,
					"attributes" : {
					"POSITION": 0,
					"NORMAL" : 1,
					"TEXCOORD_0" : 2
					}
					}
					}
				},
				{
					"attributes" : {
					"POSITION" : 9,
					"NORMAL" : 10,
					"TEXCOORD_0" : 11
					},
					"indices" : 8,
					"mode": 4,
					"material" : 3
					,"extensions": {
					"KHR_draco_mesh_compression": {
					"bufferView": 2,
					"attributes" : {
					"POSITION": 0,
					"NORMAL" : 1,
					"TEXCOORD_0" : 2
					}
					}
					}
				},
				{
					"attributes" : {
					"POSITION" : 13,
					"NORMAL" : 14,
					"TEXCOORD_0" : 15
					},
					"indices" : 12,
					"mode": 4,
					"material" : 4
					,"extensions": {
					"KHR_draco_mesh_compression": {
					"bufferView": 3,
					"attributes" : {
					"POSITION": 0,
					"NORMAL" : 1,
					"TEXCOORD_0" : 2
					}
					}
					}
				},
				{
					"attributes" : {
					"POSITION" : 17,
					"NORMAL" : 18,
					"TEXCOORD_0" : 19
					},
					"indices" : 16,
					"mode": 4,
					"material" : 5
					,"extensions": {
					"KHR_draco_mesh_compression": {
					"bufferView": 4,
					"attributes" : {
					"POSITION": 0,
					"NORMAL" : 1,
					"TEXCOORD_0" : 2
					}
					}
					}
				},
				{
					"attributes" : {
					"POSITION" : 21,
					"NORMAL" : 22,
					"TEXCOORD_0" : 23
					},
					"indices" : 20,
					"mode": 4,
					"material" : 6
					,"extensions": {
					"KHR_draco_mesh_compression": {
					"bufferView": 5,
					"attributes" : {
					"POSITION": 0,
					"NORMAL" : 1,
					"TEXCOORD_0" : 2
					}
					}
					}
				},
				{
					"attributes" : {
					"POSITION" : 25,
					"NORMAL" : 26,
					"TEXCOORD_0" : 27
					},
					"indices" : 24,
					"mode": 4,
					"material" : 7
					,"extensions": {
					"KHR_draco_mesh_compression": {
					"bufferView": 6,
					"attributes" : {
					"POSITION": 0,
					"NORMAL" : 1,
					"TEXCOORD_0" : 2
					}
					}
					}
				},
				{
					"attributes" : {
					"POSITION" : 29,
					"NORMAL" : 30,
					"TEXCOORD_0" : 31
					},
					"indices" : 28,
					"mode": 4,
					"material" : 8
					,"extensions": {
					"KHR_draco_mesh_compression": {
					"bufferView": 7,
					"attributes" : {
					"POSITION": 0,
					"NORMAL" : 1,
					"TEXCOORD_0" : 2
					}
					}
					}
				},
				{
					"attributes" : {
					"POSITION" : 33,
					"NORMAL" : 34,
					"TEXCOORD_0" : 35
					},
					"indices" : 32,
					"mode": 4,
					"material" : 9
					,"extensions": {
					"KHR_draco_mesh_compression": {
					"bufferView": 8,
					"attributes" : {
					"POSITION": 0,
					"NORMAL" : 1,
					"TEXCOORD_0" : 2
					}
					}
					}
				}
			]
		},
		{
			"primitives" : [
				{
					"attributes" : {
					"POSITION" : 37,
					"NORMAL" : 38,
					"TEXCOORD_0" : 39
					},
					"indices" : 36,
					"mode": 4,
					"material" : 10
					,"extensions": {
					"KHR_draco_mesh_compression": {
					"bufferView": 9,
					"attributes" : {
					"POSITION": 0,
					"NORMAL" : 1,
					"TEXCOORD_0" : 2
					}
					}
					}
				},
				{
					"attributes" : {
					"POSITION" : 41,
					"NORMAL" : 42,
					"TEXCOORD_0" : 43
					},
					"indices" : 40,
					"mode": 4,
					"material" : 10
					,"extensions": {
					"KHR_draco_mesh_compression": {
					"bufferView": 10,
					"attributes" : {
					"POSITION": 0,
					"NORMAL" : 1,
					"TEXCOORD_0" : 2
					}
					}
					}
				},
				{
					"attributes" : {
					"POSITION" : 45,
					"NORMAL" : 46,
					"TEXCOORD_0" : 47
					},
					"indices" : 44,
					"mode": 4,
					"material" : 10
					,"extensions": {
					"KHR_draco_mesh_compression": {
					"bufferView": 11,
					"attributes" : {
					"POSITION": 0,
					"NORMAL" : 1,
					"TEXCOORD_0" : 2
					}
					}
					}
				},
				{
					"attributes" : {
					"POSITION" : 49,
					"NORMAL" : 50,
					"TEXCOORD_0" : 51
					},
					"indices" : 48,
					"mode": 4,
					"material" : 10
					,"extensions": {
					"KHR_draco_mesh_compression": {
					"bufferView": 12,
					"attributes" : {
					"POSITION": 0,
					"NORMAL" : 1,
					"TEXCOORD_0" : 2
					}
					}
					}
				},
				{
					"attributes" : {
					"POSITION" : 53,
					"NORMAL" : 54,
					"TEXCOORD_0" : 55
					},
					"indices" : 52,
					"mode": 4,
					"material" : 10
					,"extensions": {
					"KHR_draco_mesh_compression": {
					"bufferView": 13,
					"attributes" : {
					"POSITION": 0,
					"NORMAL" : 1,
					"TEXCOORD_0" : 2
					}
					}
					}
				},
				{
					"attributes" : {
					"POSITION" : 57,
					"NORMAL" : 58,
					"TEXCOORD_0" : 59
					},
					"indices" : 56,
					"mode": 4,
					"material" : 10
					,"extensions": {
					"KHR_draco_mesh_compression": {
					"bufferView": 14,
					"attributes" : {
					"POSITION": 0,
					"NORMAL" : 1,
					"TEXCOORD_0" : 2
					}
					}
					}
				},
				{
					"attributes" : {
					"POSITION" : 61,
					"NORMAL" : 62,
					"TEXCOORD_0" : 63
					},
					"indices" : 60,
					"mode": 4,
					"material" : 10
					,"extensions": {
					"KHR_draco_mesh_compression": {
					"bufferView": 15,
					"attributes" : {
					"POSITION": 0,
					"NORMAL" : 1,
					"TEXCOORD_0" : 2
					}
					}
					}
				},
				{
					"attributes" : {
					"POSITION" : 65,
					"NORMAL" : 66,
					"TEXCOORD_0" : 67
					},
					"indices" : 64,
					"mode": 4,
					"material" : 10
					,"extensions": {
					"KHR_draco_mesh_compression": {
					"bufferView": 16,
					"attributes" : {
					"POSITION": 0,
					"NORMAL" : 1,
					"TEXCOORD_0" : 2
					}
					}
					}
				},
				{
					"attributes" : {
					"POSITION" : 69,
					"NORMAL" : 70,
					"TEXCOORD_0" : 71
					},
					"indices" : 68,
					"mode": 4,
					"material" : 10
					,"extensions": {
					"KHR_draco_mesh_compression": {
					"bufferView": 17,
					"attributes" : {
					"POSITION": 0,
					"NORMAL" : 1,
					"TEXCOORD_0" : 2
					}
					}
					}
				}
			]
		},
		{
			"primitives" : [
				{
					"attributes" : {
					"POSITION" : 73,
					"NORMAL" : 74,
					"TEXCOORD_0" : 75
					},
					"indices" : 72,
					"mode": 4,
					"material" : 11
					,"extensions": {
					"KHR_draco_mesh_compression": {
					"bufferView": 18,
					"attributes" : {
					"POSITION": 0,
					"NORMAL" : 1,
					"TEXCOORD_0" : 2
					}
					}
					}
				},
				{
					"attributes" : {
					"POSITION" : 77,
					"NORMAL" : 78,
					"TEXCOORD_0" : 79
					},
					"indices" : 76,
					"mode": 4,
					"material" : 12
					,"extensions": {
					"KHR_draco_mesh_compression": {
					"bufferView": 19,
					"attributes" : {
					"POSITION": 0,
					"NORMAL" : 1,
					"TEXCOORD_0" : 2
					}
					}
					}
				}
			]
		},
		{
			"primitives" : [
				{
					"attributes" : {
					"POSITION" : 81,
					"NORMAL" : 82,
					"TEXCOORD_0" : 83
					},
					"indices" : 80,
					"mode": 4,
					"material" : 10
					,"extensions": {
					"KHR_draco_mesh_compression": {
					"bufferView": 20,
					"attributes" : {
					"POSITION": 0,
					"NORMAL" : 1,
					"TEXCOORD_0" : 2
					}
					}
					}
				},
				{
					"attributes" : {
					"POSITION" : 85,
					"NORMAL" : 86,
					"TEXCOORD_0" : 87
					},
					"indices" : 84,
					"mode": 4,
					"material" : 10
					,"extensions": {
					"KHR_draco_mesh_compression": {
					"bufferView": 21,
					"attributes" : {
					"POSITION": 0,
					"NORMAL" : 1,
					"TEXCOORD_0" : 2
					}
					}
					}
				},
				{
					"attributes" : {
					"POSITION" : 89,
					"NORMAL" : 90,
					"TEXCOORD_0" : 91
					},
					"indices" : 88,
					"mode": 4,
					"material" : 10
					,"extensions": {
					"KHR_draco_mesh_compression": {
					"bufferView": 22,
					"attributes" : {
					"POSITION": 0,
					"NORMAL" : 1,
					"TEXCOORD_0" : 2
					}
					}
					}
				},
				{
					"attributes" : {
					"POSITION" : 93,
					"NORMAL" : 94,
					"TEXCOORD_0" : 95
					},
					"indices" : 92,
					"mode": 4,
					"material" : 10
					,"extensions": {
					"KHR_draco_mesh_compression": {
					"bufferView": 23,
					"attributes" : {
					"POSITION": 0,
					"NORMAL" : 1,
					"TEXCOORD_0" : 2
					}
					}
					}
				},
				{
					"attributes" : {
					"POSITION" : 97,
					"NORMAL" : 98,
					"TEXCOORD_0" : 99
					},
					"indices" : 96,
					"mode": 4,
					"material" : 10
					,"extensions": {
					"KHR_draco_mesh_compression": {
					"bufferView": 24,
					"attributes" : {
					"POSITION": 0,
					"NORMAL" : 1,
					"TEXCOORD_0" : 2
					}
					}
					}
				},
				{
					"attributes" : {
					"POSITION" : 101,
					"NORMAL" : 102,
					"TEXCOORD_0" : 103
					},
					"indices" : 100,
					"mode": 4,
					"material" : 10
					,"extensions": {
					"KHR_draco_mesh_compression": {
					"bufferView": 25,
					"attributes" : {
					"POSITION": 0,
					"NORMAL" : 1,
					"TEXCOORD_0" : 2
					}
					}
					}
				},
				{
					"attributes" : {
					"POSITION" : 105,
					"NORMAL" : 106,
					"TEXCOORD_0" : 107
					},
					"indices" : 104,
					"mode": 4,
					"material" : 10
					,"extensions": {
					"KHR_draco_mesh_compression": {
					"bufferView": 26,
					"attributes" : {
					"POSITION": 0,
					"NORMAL" : 1,
					"TEXCOORD_0" : 2
					}
					}
					}
				},
				{
					"attributes" : {
					"POSITION" : 109,
					"NORMAL" : 110,
					"TEXCOORD_0" : 111
					},
					"indices" : 108,
					"mode": 4,
					"material" : 10
					,"extensions": {
					"KHR_draco_mesh_compression": {
					"bufferView": 27,
					"attributes" : {
					"POSITION": 0,
					"NORMAL" : 1,
					"TEXCOORD_0" : 2
					}
					}
					}
				},
				{
					"attributes" : {
					"POSITION" : 113,
					"NORMAL" : 114,
					"TEXCOORD_0" : 115
					},
					"indices" : 112,
					"mode": 4,
					"material" : 10
					,"extensions": {
					"KHR_draco_mesh_compression": {
					"bufferView": 28,
					"attributes" : {
					"POSITION": 0,
					"NORMAL" : 1,
					"TEXCOORD_0" : 2
					}
					}
					}
				}
			]
		},
		{
			"primitives" : [
				{
					"attributes" : {
					"POSITION" : 117,
					"NORMAL" : 118,
					"TEXCOORD_0" : 119
					},
					"indices" : 116,
					"mode": 4,
					"material" : 1
					,"extensions": {
					"KHR_draco_mesh_compression": {
					"bufferView": 29,
					"attributes" : {
					"POSITION": 0,
					"NORMAL" : 1,
					"TEXCOORD_0" : 2
					}
					}
					}
				}
			]
		},
		{
			"primitives" : [
				{
					"attributes" : {
					"POSITION" : 121,
					"NORMAL" : 122,
					"TEXCOORD_0" : 123
					},
					"indices" : 120,
					"mode": 4,
					"material" : 13
					,"extensions": {
					"KHR_draco_mesh_compression": {
					"bufferView": 30,
					"attributes" : {
					"POSITION": 0,
					"NORMAL" : 1,
					"TEXCOORD_0" : 2
					}
					}
					}
				}
			]
		},
		{
			"primitives" : [
				{
					"attributes" : {
					"POSITION" : 125,
					"NORMAL" : 126,
					"TEXCOORD_0" : 127
					},
					"indices" : 124,
					"mode": 4,
					"material" : 13
					,"extensions": {
					"KHR_draco_mesh_compression": {
					"bufferView": 31,
					"attributes" : {
					"POSITION": 0,
					"NORMAL" : 1,
					"TEXCOORD_0" : 2
					}
					}
					}
				}
			]
		},
		{
			"primitives" : [
				{
					"attributes" : {
					"POSITION" : 129,
					"NORMAL" : 130,
					"TEXCOORD_0" : 131
					},
					"indices" : 128,
					"mode": 4,
					"material" : 13
					,"extensions": {
					"KHR_draco_mesh_compression": {
					"bufferView": 32,
